4 4 1984 
4 3 1179 
4 2 604 
4 1 259 
4 0 144 
4 -1 259 
4 -2 604 
4 -3 1179 
4 -4 1984 
3 4 1137 
3 3 675 
3 2 345 
3 1 147 
3 0 81 
3 -1 147 
3 -2 345 
3 -3 675 
3 -4 1137 
2 4 532 
2 3 315 
2 2 160 
2 1 67 
2 0 36 
2 -1 67 
2 -2 160 
2 -3 315 
2 -4 532 
1 4 169 
1 3 99 
1 2 49 
1 1 19 
1 0 9 
1 -1 19 
1 -2 49 
1 -3 99 
1 -4 169 
0 4 48 
0 3 27 
0 2 12 
0 1 3 
0 0 0 
0 -1 3 
0 -2 12 
0 -3 27 
0 -4 48 
-1 4 169 
-1 3 99 
-1 2 49 
-1 1 19 
-1 0 9 
-1 -1 19 
-1 -2 49 
-1 -3 99 
-1 -4 169 
-2 4 532 
-2 3 315 
-2 2 160 
-2 1 67 
-2 0 36 
-2 -1 67 
-2 -2 160 
-2 -3 315 
-2 -4 532 
-3 4 1137 
-3 3 675 
-3 2 345 
-3 1 147 
-3 0 81 
-3 -1 147 
-3 -2 345 
-3 -3 675 
-3 -4 1137 
-4 4 1984 
-4 3 1179 
-4 2 604 
-4 1 259 
-4 0 144 
-4 -1 259 
-4 -2 604 
-4 -3 1179 
-4 -4 1984 
